 0 0 4 0.334401 1.03288 0.00289838 0.991529 2.03723 0.0383553 0.00847119 2.80208 1.99997e-05 6.33132e-15 1.18592 1190 1
 0 0 5 0.408712 1.00074 0.00234184 0.975925 1.72449 0.0168312 0.0240749 2.85521 1.99996e-05 3.92135e-15 1.11918 1373 1
 0 0 6 0.483023 0.981049 0.00211215 0.958818 1.57184 0.0107527 0.0411821 2.58119 0.0266215 7.75094e-16 1.08823 1541 1
 0 0 7 0.557335 0.970814 0.00204094 0.939257 1.41495 0.0107092 0.0501473 2.19393 0.0283173 0.0105961 1.08992 1503 3
 0 0 8 0.631646 0.972308 0.00165618 0.911527 1.31326 0.0069647 0.0704642 1.98622 0.0236254 0.0180083 1.06884 1682 3
 0 0 9 0.705957 0.975634 0.00150639 0.887864 1.27082 0.00587887 0.0875774 1.86349 0.0136078 0.024559 1.1271 1809 3
 0 0 10 0.780268 0.974852 0.00145468 0.865244 1.21194 0.00545727 0.0931187 1.73173 0.00898357 0.0416374 1.11775 1749 3
 0 0 11 0.85458 0.976275 0.00153752 0.85106 1.15745 0.00651917 0.0934653 1.64148 0.00693091 0.0554751 1.10851 1663 3
 0 0 12 0.928891 0.978182 0.00155669 0.842354 1.12546 0.00626963 0.095734 1.56299 0.00635447 0.0619121 1.05105 1551 3
 0 0 13 1.0032 0.971685 0.00231995 0.785776 1.08368 0.00702668 0.143188 1.47684 0.00663741 0.0710351 0.983977 1327 3
 0 0 14 1.07751 0.976365 0.00195004 0.829037 1.09992 0.00827899 0.0931902 1.40987 0.00577381 0.0777728 0.961728 1276 3
 0 0 15 1.15182 0.969015 0.00399475 0.678963 1.0393 0 0.230912 1.34937 0.00562972 0.0901243 0.968735 1152 3
 0 0 16 1.22614 0.968034 0.00484787 0.588499 1.02498 0 0.308706 1.30568 0.0049605 0.102794 0.917847 1066 3

 0 1 4 0.311294 1.04811 0.00288423 0.997998 2.07839 0 0.00200242 3.22305 0.0141271 5.83081e-13 1.15601 1143 1
 0 1 5 0.380471 1.01255 0.0024129 0.976643 1.81105 0 0.0233573 2.70123 0.0141284 8.78189e-19 1.15625 1461 1
 0 1 6 0.449648 0.984999 0.00214724 0.971538 1.61825 0 0.0284625 2.42874 0.0141288 6.76967e-18 1.10736 1563 1
 0 1 7 0.518824 0.972232 0.00208313 0.941401 1.47618 0 0.0511906 2.27317 0.0423821 0.00740839 1.0481 1481 3
 0 1 8 0.588001 0.9711 0.00176428 0.903915 1.36964 0 0.0706122 2.0879 0.0168662 0.025473 1.11905 1814 3
 0 1 9 0.657177 0.972036 0.00158556 0.896085 1.28852 0 0.0754895 1.92307 0.0125893 0.0284251 1.09432 1827 3
 0 1 10 0.726354 0.969443 0.0014382 0.878517 1.22538 0 0.0775226 1.82044 0.00870846 0.0439608 1.05762 1721 3
 0 1 11 0.79553 0.972782 0.00141225 0.863777 1.17583 0 0.0792748 1.697 0.00748584 0.0569479 1.09906 1660 3
 0 1 12 0.864707 0.976183 0.00151973 0.82403 1.13642 0 0.110864 1.63541 0.00635708 0.0651062 1.08151 1564 3
 0 1 13 0.933883 0.970903 0.00193467 0.801404 1.10479 0 0.11325 1.53478 0.00624219 0.0853464 1.05404 1428 3
 0 1 14 1.00306 0.972873 0.00226784 0.747639 1.07924 0 0.137774 1.46826 0.00507493 0.114587 1.02046 1291 3
 0 1 15 1.07224 0.974778 0.0030562 0.739773 1.05849 0 0.148923 1.40759 0.00516161 0.111304 1.03216 1210 3
 0 1 16 1.14141 0.975341 0.00422945 0.719408 1.04156 0 0.181378 1.3597 0.00540929 0.0992143 0.954882 1081 3

 0 2 4 0.291304 1.07626 0.00109234 0.9931 2.17457 0 0.00690026 3.42649 0.216751 1.5187e-13 1.18108 1001 2
 0 2 5 0.356038 1.02278 0.000104512 0.984765 1.89536 0 0.0152352 3.02798 0.231391 1.51084e-15 1.1121 1366 2
 0 2 6 0.420772 0.991137 0.000138197 0.973662 1.69144 0 0.0263382 2.61981 0.231005 4.70653e-13 1.10626 1570 2
 0 2 7 0.485506 0.98179 0.00257737 0.95336 1.53938 0 0.0439672 2.38181 0.059974 0.00267254 1.15993 1366 3
 0 2 8 0.55024 0.970579 0.00193113 0.905201 1.42409 0 0.0694381 2.19033 0.0159612 0.0253607 1.0731 1622 3
 0 2 9 0.614975 0.967842 0.0016391 0.880404 1.33542 0 0.0775872 2.01187 0.0101389 0.0420084 1.07747 1814 3
 0 2 10 0.679709 0.970157 0.00154675 0.876281 1.26637 0 0.0846088 1.8832 0.010077 0.0391099 1.05217 1705 3
 0 2 11 0.744443 0.970932 0.00150094 0.856336 1.21128 0 0.0848181 1.76878 0.00776142 0.0588455 1.11702 1748 3
 0 2 12 0.809177 0.970438 0.0015545 0.808641 1.16734 0 0.113515 1.68706 0.0058475 0.0778446 1.07807 1692 3
 0 2 13 0.873911 0.970661 0.00184708 0.779905 1.1318 0 0.125378 1.60557 0.00524779 0.0947178 1.06891 1449 3
 0 2 14 0.938645 0.970126 0.00206629 0.774509 1.10285 0 0.124389 1.53418 0.00495974 0.101102 1.05478 1357 3
 0 2 15 1.00338 0.969723 0.00250048 0.701736 1.07913 0 0.186699 1.4688 0.00495089 0.111565 1.01511 1193 3
 0 2 16 1.06811 0.96805 0.00304611 0.690405 1.05961 0 0.174326 1.40508 0.0044689 0.135269 1.01192 1114 3
 0 2 17 1.13285 0.973995 0.00512311 0.661521 1.04348 0 0.205315 1.36534 0.00495164 0.133164 1.02474 1017 3

 0 3 5 0.335168 1.03313 0.000960706 0.993669 1.97568 0 0.00633127 2.84125 0.377429 1.04349e-11 1.13606 1397 2
 0 3 6 0.396108 1.00202 0.000339386 0.973444 1.76198 0 0.0265562 2.5083 0.279812 2.94348e-13 1.1317 1482 2
 0 3 7 0.457047 0.977411 0.00251812 0.955548 1.60095 0 0.0423934 2.50335 0.150364 0.00205904 1.10695 1359 3
 0 3 8 0.517987 0.970566 0.0023212 0.928891 1.47766 0 0.0576119 2.27812 0.0274635 0.0134974 1.10643 1500 3
 0 3 9 0.578927 0.966 0.00188192 0.89349 1.38199 0 0.0771851 2.09531 0.0144134 0.0293254 1.05243 1690 3
 0 3 10 0.639866 0.966049 0.00171142 0.873996 1.30686 0 0.0827517 1.96033 0.0107227 0.0432525 1.06643 1679 3
 0 3 11 0.700806 0.965778 0.0015755 0.833114 1.24722 0 0.0924553 1.84579 0.00600857 0.0744305 1.04124 1687 3
 0 3 12 0.761746 0.96761 0.00161412 0.823131 1.19859 0 0.0966241 1.73658 0.0059443 0.0802446 1.06163 1608 3
 0 3 13 0.822685 0.965464 0.001629 0.80194 1.1593 0 0.106039 1.65742 0.00518821 0.0920205 1.03158 1503 3
 0 3 14 0.883625 0.967841 0.00205659 0.746522 1.12708 0 0.13462 1.58771 0.00479514 0.118858 1.0775 1359 3
 0 3 15 0.944565 0.968664 0.00217024 0.755199 1.10048 0 0.1347 1.51951 0.0050391 0.110101 1.04731 1226 3
 0 3 16 1.0055 0.971376 0.00296174 0.72063 1.07843 0 0.146635 1.45928 0.00469732 0.132735 1.08081 1201 3
 0 3 17 1.06644 0.968815 0.00306438 0.675755 1.06006 0 0.192946 1.41009 0.00466352 0.131299 0.982169 1034 3

 0 4 4 0.259898 1.11434 0.00279838 1 2.3479 0 2.01825e-16 3.26042 0.217981 1.00252e-18 1.17763 1046 3
 0 4 5 0.317653 1.0418 0.00225294 0.992475 2.04981 0 0.00752451 2.95104 0.0141181 1.73709e-19 1.08889 1558 1
 0 4 6 0.375408 1.00958 0.000375409 0.970828 1.82772 0 0.0291724 2.71983 0.212581 1.48609e-11 1.09437 1456 2
 0 4 7 0.433163 0.98775 0.00251021 0.95834 1.65887 0 0.0348033 2.52321 0.0355134 0.00685628 1.06656 1394 3
 0 4 8 0.490918 0.975605 0.00222234 0.941323 1.5285 0 0.047006 2.41443 0.0495912 0.011671 1.06976 1563 3
 0 4 9 0.548673 0.971624 0.00212716 0.915835 1.42653 0 0.0673547 2.20213 0.0230329 0.0168105 1.09429 1598 3
 0 4 10 0.606428 0.960985 0.00195928 0.879255 1.34588 0 0.0847697 2.05187 0.0105589 0.0359758 1.06705 1603 3
 0 4 11 0.664183 0.964177 0.00184173 0.835383 1.28143 0 0.106717 1.91313 0.00795326 0.0578992 1.06275 1582 3
 0 4 12 0.721938 0.965583 0.00169288 0.832706 1.22896 0 0.0983766 1.7841 0.00709028 0.0689177 1.05785 1606 3
 0 4 13 0.779693 0.967907 0.00165926 0.797584 1.18618 0 0.111613 1.72001 0.0063245 0.0908027 1.02126 1498 3
 0 4 14 0.837449 0.968911 0.00183472 0.778636 1.1509 0 0.101526 1.64758 0.00451472 0.119838 1.0617 1383 3
 0 4 15 0.895204 0.969103 0.00209036 0.762032 1.12163 0 0.116607 1.57869 0.00492857 0.121361 1.04811 1232 3
 0 4 16 0.952959 0.964097 0.00231643 0.717167 1.0972 0 0.163791 1.51549 0.00473569 0.119042 0.961859 1111 3
 0 4 17 1.01071 0.973868 0.00277609 0.729389 1.07673 0 0.134461 1.45094 0.00446095 0.136149 1.00003 1076 3

 0 5 4 0.248168 1.13176 0.00155019 0.997203 2.42072 0 0.00279662 3.34648 0.239657 1.29764e-10 1.11509 1045 2
 0 5 5 0.303317 1.05868 0.00238354 0.996683 2.11558 0 0.00331701 3.0161 0.213604 7.14025e-15 1.10238 1442 3
 0 5 6 0.358465 1.02141 0.000281702 0.978436 1.88653 0 0.0215639 2.67984 0.213355 3.71312e-13 1.10726 1378 2
 0 5 7 0.413614 0.99053 0.0025638 0.953107 1.7111 0 0.0424166 2.58047 0.051345 0.00447647 1.03843 1346 3
 0 5 8 0.468762 0.977413 0.00233319 0.93508 1.57468 0 0.055101 2.40817 0.0281924 0.00981939 1.07584 1562 3
 0 5 9 0.523911 0.971524 0.0021012 0.91374 1.46728 0 0.0671952 2.24234 0.0170964 0.0190649 1.05645 1602 3
 0 5 10 0.579059 0.965122 0.00186585 0.886274 1.3818 0 0.079551 2.07144 0.0107112 0.0341753 1.01107 1560 3
 0 5 11 0.634208 0.962794 0.00187974 0.851955 1.31312 0 0.0991079 1.97012 0.00888171 0.0489374 1.0704 1500 3
 0 5 12 0.689356 0.96347 0.00182402 0.829845 1.25743 0 0.100723 1.87623 0.00696251 0.0694322 1.04845 1453 3
 0 5 13 0.744505 0.96228 0.00184953 0.809754 1.21123 0 0.108032 1.76887 0.00620384 0.0822138 1.03321 1325 3
 0 5 14 0.799653 0.964399 0.00176048 0.788259 1.17322 0 0.101551 1.68479 0.00524753 0.11019 1.00749 1374 3
 0 5 15 0.854802 0.968574 0.00186447 0.759964 1.14154 0 0.110773 1.61976 0.00447155 0.129263 1.00306 1301 3
 0 5 16 0.90995 0.970538 0.00218642 0.758593 1.11497 0 0.12106 1.56038 0.0050292 0.120347 1.01493 1143 3
 0 5 17 0.965099 0.974381 0.00239359 0.746592 1.09259 0 0.130618 1.50027 0.00493338 0.12279 1.017 1107 3

 0 6 4 0.238923 1.14415 0.00322967 1 2.48165 0 6.16176e-12 3.41784 0.295699 5.39818e-19 1.13218 1018 1
 0 6 5 0.292016 1.06979 0.000246522 0.993147 2.17097 0 0.00685316 3.04594 0.245908 7.84773e-14 1.09374 1441 2
 0 6 6 0.34511 1.03263 0.000199434 0.987996 1.93639 0 0.0120039 2.94931 0.280705 2.90226e-13 1.0736 1272 2
 0 6 7 0.398204 1.0081 0.00260796 0.963488 1.75567 0 0.0297904 2.61847 0.0362303 0.00672196 1.02934 1262 3
 0 6 8 0.451298 0.987289 0.00223026 0.94637 1.61434 0 0.0431843 2.51322 0.0331089 0.0104453 1.01604 1468 3
 0 6 9 0.504392 0.976214 0.00208765 0.909546 1.50247 0 0.0634333 2.28079 0.0172685 0.0270211 1.05606 1631 3
 0 6 10 0.557486 0.969571 0.00189508 0.867703 1.41299 0 0.0860196 2.15274 0.00919212 0.0462776 0.999743 1580 3
 0 6 11 0.61058 0.966402 0.00190579 0.861704 1.34076 0 0.0969599 2.03221 0.0100157 0.0413357 1.06352 1515 3
 0 6 12 0.663674 0.963146 0.00198722 0.817215 1.28194 0 0.125684 1.91716 0.00945193 0.0571009 1.08374 1389 3
 0 6 13 0.716768 0.964847 0.00186122 0.813597 1.23322 0 0.112437 1.80436 0.00685185 0.0739651 1.03033 1308 3
 0 6 14 0.769861 0.964603 0.0019195 0.763375 1.19288 0 0.1366 1.73934 0.00568779 0.100025 1.01732 1295 3
 0 6 15 0.822955 0.966965 0.0018539 0.766159 1.15914 0 0.132852 1.66326 0.00497484 0.100989 1.0165 1303 3
 0 6 16 0.876049 0.96997 0.00203828 0.74417 1.13075 0 0.134716 1.5837 0.00492281 0.121113 0.980265 1111 3
 0 6 17 0.929143 0.970302 0.00219473 0.750841 1.10675 0 0.122882 1.53117 0.00456968 0.126277 0.970581 1092 3

 0 7 5 0.283639 1.08411 0.000262857 0.991818 2.21421 0 0.00818166 3.09914 0.20025 1.36948e-13 1.08151 1457 2
 0 7 6 0.335209 1.04539 0.000271291 0.986308 1.97552 0 0.013692 3.0237 0.268841 1.38193e-12 1.0698 1292 2
 0 7 7 0.38678 1.01566 0.00272039 0.95872 1.79082 0 0.0411127 2.62572 0.253531 0.000167627 1.04531 1213 3
 0 7 8 0.438351 0.996904 0.0022918 0.933587 1.64577 0 0.0523926 2.44413 0.0224743 0.0140205 1.03016 1425 3
 0 7 9 0.489921 0.978889 0.00204555 0.911365 1.53048 0 0.0632231 2.33794 0.0170586 0.025412 1.05205 1575 3
 0 7 10 0.541492 0.972913 0.00191703 0.883023 1.43793 0 0.0811075 2.15408 0.0121205 0.0358691 1.05814 1630 3
 0 7 11 0.593063 0.967358 0.00183346 0.871143 1.36294 0 0.0905855 2.04565 0.0131119 0.0382719 1.02825 1473 3
 0 7 12 0.644633 0.968157 0.0018836 0.841828 1.30169 0 0.102599 1.96452 0.00863246 0.0555733 1.06477 1457 3
 0 7 13 0.696204 0.963335 0.00181497 0.849355 1.25127 0 0.0992775 1.84885 0.00889513 0.0513677 1.00765 1251 3
 0 7 14 0.747774 0.96724 0.00191096 0.813815 1.20878 0 0.111399 1.75422 0.00636343 0.0747854 1.02766 1309 3
 0 7 15 0.799345 0.967898 0.00200938 0.744241 1.17342 0 0.139443 1.70175 0.00488145 0.116316 1.07079 1312 3
 0 7 16 0.850916 0.969941 0.00195473 0.761068 1.14359 0 0.119589 1.62472 0.00450646 0.119343 0.957572 1141 3

 0 8 5 0.2781 1.09481 0.00267375 0.997104 2.24388 0 0.00289632 3.14147 0.0139481 5.57548e-13 1.12939 1313 1
 0 8 6 0.328663 1.05214 0.00283465 0.98104 2.00246 0 0.0189595 2.93846 0.247253 3.01505e-15 1.11114 1253 3
 0 8 7 0.379227 1.01697 0.00284452 0.968992 1.81511 0 0.0304752 2.86959 0.342612 0.000532439 1.04302 1162 3
 0 8 8 0.42979 0.997073 0.00234403 0.951601 1.66756 0 0.0382732 2.44053 0.0326597 0.010126 1.04616 1339 3
 0 8 9 0.480354 0.983294 0.00206331 0.899216 1.54997 0 0.0702432 2.35298 0.0155759 0.0305406 1.06546 1580 3
 0 8 10 0.530917 0.972371 0.00188836 0.889975 1.45533 0 0.0777506 2.19439 0.0130377 0.0322744 1.04403 1586 3
 0 8 11 0.581481 0.967942 0.00186987 0.879349 1.37847 0 0.0758161 2.07497 0.00946596 0.0448348 1.05823 1498 3
 0 8 12 0.632044 0.970335 0.00190387 0.853376 1.31554 0 0.0837564 1.9622 0.00839416 0.0628679 1.06534 1380 3
 0 8 13 0.682608 0.966845 0.0018785 0.831645 1.26365 0 0.111921 1.86702 0.00894573 0.0564334 1.06739 1356 3
 0 8 14 0.733172 0.971112 0.00197109 0.77724 1.21996 0 0.134366 1.77941 0.00604215 0.0883943 1.05855 1279 3
 0 8 15 0.783735 0.975384 0.00192498 0.778077 1.18349 0 0.123989 1.69987 0.00527129 0.0979334 1.03735 1288 3
 0 8 16 0.834299 0.971587 0.00206077 0.765198 1.15266 0 0.135109 1.64356 0.00521572 0.0996935 0.99608 1128 3
 0 8 17 0.884862 0.97761 0.0022495 0.726006 1.12648 0 0.157159 1.57444 0.00482869 0.116835 0.990914 1094 3

 0 9 5 0.275344 1.10275 0.00245519 0.996227 2.25897 0 0.00377288 3.15366 0.37689 4.65801e-15 1.09027 1447 3
 0 9 6 0.325406 1.0589 2.8427e-05 0.983152 2.01619 0 0.0168481 2.97986 0.335267 1.70717e-14 1.1002 1240 2
 0 9 7 0.375469 1.02614 0.00289777 0.969487 1.82752 0 0.0263303 2.81759 0.0752903 0.00418313 1.11153 1228 3
 0 9 8 0.425531 0.994218 0.00229809 0.948998 1.67872 0 0.0449185 2.58677 0.041167 0.00608356 1.0696 1442 3
 0 9 9 0.475594 0.981458 0.00196084 0.926684 1.55997 0 0.0527352 2.33742 0.0184355 0.0205806 1.07564 1717 3
 0 9 10 0.525656 0.976953 0.00199718 0.916467 1.46427 0 0.0588578 2.25314 0.0168357 0.0246753 1.13867 1634 3
 0 9 11 0.575719 0.969419 0.00195889 0.875229 1.38646 0 0.0822951 2.08973 0.0115376 0.042476 1.14738 1626 3
 0 9 12 0.625781 0.97107 0.00193086 0.842251 1.32269 0 0.120218 1.97214 0.0117673 0.0375313 1.06666 1446 3
 0 9 13 0.675844 0.973296 0.00195464 0.838106 1.27004 0 0.106431 1.87882 0.00878433 0.0554634 1.08594 1286 3
 0 9 14 0.725906 0.973084 0.00185645 0.83146 1.22574 0 0.0945704 1.77623 0.00679194 0.0739698 1.00985 1283 3
 0 9 15 0.775969 0.973032 0.00192255 0.747352 1.18869 0 0.12956 1.71565 0.00415446 0.123088 1.00903 1320 3
 0 9 16 0.826031 0.98252 0.00212579 0.763449 1.15736 0 0.110804 1.63977 0.00475396 0.125747 1.02944 1173 3
 0 9 17 0.876094 0.976316 0.00226177 0.742092 1.13073 0 0.140756 1.57537 0.0050189 0.117151 0.984001 1049 3

 0 10 5 0.275344 1.10379 0.00221297 0.995489 2.25897 0 0.00451076 3.19252 0.370132 2.29244e-12 1.13021 1478 3
 0 10 6 0.325406 1.05592 0.00277657 0.991876 2.01619 0 0.00812386 2.86569 0.202816 4.94844e-13 1.05242 1246 3
 0 10 7 0.375469 1.0282 0.00274391 0.96476 1.82752 0 0.0352398 2.75312 0.0141297 2.25964e-17 1.0742 1242 1
 0 10 8 0.425531 0.997795 0.00234181 0.941388 1.67872 0 0.0464679 2.59237 0.0322533 0.0121442 1.09182 1516 3
 0 10 9 0.475594 0.985607 0.0020586 0.926189 1.55997 0 0.0592588 2.35037 0.0214945 0.0145521 1.12002 1704 3
 0 10 10 0.525656 0.972699 0.00202212 0.901851 1.46427 0 0.071435 2.22657 0.0147035 0.0267142 1.13721 1651 3
 0 10 11 0.575719 0.970165 0.00193784 0.859733 1.38646 0 0.101554 2.09585 0.0126501 0.0387129 1.10876 1598 3
 0 10 12 0.625781 0.968088 0.00196428 0.846765 1.32269 0 0.102107 1.99821 0.00897134 0.051128 1.09753 1446 3
 0 10 13 0.675844 0.965615 0.00186685 0.822446 1.27004 0 0.116964 1.88793 0.0087114 0.0605898 1.04178 1367 3
 0 10 14 0.725906 0.972799 0.00197663 0.789148 1.22574 0 0.121818 1.79545 0.00557485 0.0890335 1.04584 1289 3
 0 10 15 0.775969 0.972212 0.0018565 0.782727 1.18869 0 0.117332 1.71784 0.0051573 0.0999412 0.985235 1255 3
 0 10 16 0.826031 0.973789 0.00201838 0.758581 1.15736 0 0.127251 1.64386 0.00486247 0.114168 0.996677 1170 3
 0 10 17 0.876094 0.972318 0.00243349 0.691564 1.13073 0 0.178458 1.58844 0.0049457 0.129978 0.990134 1008 3

 0 11 4 0.227536 1.18273 0.00933822 0.999911 2.56134 0 8.91411e-05 3.83804 0.327205 6.32333e-10 1.2691 1061 2
 0 11 5 0.2781 1.09475 0.00251652 0.996042 2.24388 0 0.00395796 3.27597 0.310601 5.18823e-15 1.09063 1344 3
 0 11 6 0.328663 1.05048 0.0025493 0.985849 2.00246 0 0.0141507 2.92163 0.0141251 3.72334e-18 1.05052 1379 1
 0 11 7 0.379227 1.01821 0.000309925 0.967097 1.81511 0 0.032903 2.77139 0.294378 9.97482e-12 1.10108 1220 2
 0 11 8 0.42979 1.00024 0.00235532 0.941531 1.66756 0 0.051532 2.52244 0.0455537 0.00693742 1.05456 1400 3
 0 11 9 0.480354 0.988315 0.00208301 0.910625 1.54997 0 0.0609404 2.32892 0.0166719 0.0284343 1.07711 1597 3
 0 11 10 0.530917 0.977905 0.00191384 0.903742 1.45533 0 0.0655132 2.19965 0.0146378 0.0307451 1.07016 1569 3
 0 11 11 0.581481 0.966659 0.00191239 0.871639 1.37847 0 0.0847874 2.05801 0.0104256 0.0435739 1.07542 1502 3
 0 11 12 0.632044 0.969443 0.00188238 0.860216 1.31554 0 0.0953399 1.96884 0.00923217 0.0444437 1.07045 1446 3
 0 11 13 0.682608 0.967682 0.00200144 0.815689 1.26365 0 0.110115 1.87349 0.00693771 0.0741956 1.06979 1293 3
 0 11 14 0.733172 0.969711 0.0019092 0.803792 1.21996 0 0.107513 1.77422 0.00599392 0.0886948 1.04567 1302 3
 0 11 15 0.783735 0.974067 0.00194882 0.760886 1.18349 0 0.12047 1.69829 0.00452481 0.118644 1.01938 1282 3
 0 11 16 0.834299 0.970244 0.00208626 0.746879 1.15266 0 0.128328 1.63824 0.00488683 0.124793 1.00583 1163 3
 0 11 17 0.884862 0.976196 0.00222321 0.755101 1.12648 0 0.130184 1.57019 0.00468167 0.114715 0.992019 1107 3

 0 12 4 0.232068 1.16993 0.00349724 0.997741 2.52898 0 0.00225917 3.84392 0.221603 5.58764e-14 1.21056 1019 3
 0 12 5 0.283639 1.08971 0.00241627 0.996647 2.21421 0 0.00335266 3.09914 0.359572 1.5443e-12 1.12298 1428 3
 0 12 6 0.335209 1.0429 0.00257706 0.982042 1.97552 0 0.0179581 2.92054 0.0141283 2.61381e-15 1.08491 1385 1
 0 12 7 0.38678 1.01178 0.00263283 0.970386 1.79082 0 0.0283701 2.72158 0.0823924 0.00124433 1.04189 1296 3
 0 12 8 0.438351 0.990971 0.00222997 0.93514 1.64577 0 0.0572358 2.48326 0.0346884 0.00762421 1.03811 1533 3
 0 12 9 0.489921 0.976636 0.00200373 0.918575 1.53048 0 0.0674786 2.36345 0.0274844 0.0139466 1.03782 1645 3
 0 12 10 0.541492 0.974307 0.00188941 0.88791 1.43793 0 0.0875215 2.20236 0.014868 0.0245687 1.03804 1594 3
 0 12 11 0.593063 0.967589 0.00184154 0.866844 1.36294 0 0.0820079 2.03818 0.00874329 0.0511485 1.0474 1580 3
 0 12 12 0.644633 0.967123 0.0018092 0.855608 1.30169 0 0.09884 1.94223 0.008996 0.0455517 1.04844 1456 3
 0 12 13 0.696204 0.966343 0.0017985 0.834479 1.25127 0 0.113327 1.85413 0.00803093 0.0521948 1.04107 1355 3
 0 12 14 0.747774 0.967115 0.0018279 0.793902 1.20878 0 0.114944 1.75923 0.00547896 0.091154 1.01094 1360 3
 0 12 15 0.799345 0.970065 0.00203018 0.75067 1.17342 0 0.123402 1.68199 0.0047029 0.125928 1.07944 1314 3
 0 12 16 0.850916 0.97314 0.0020699 0.761077 1.14359 0 0.125696 1.61314 0.00493251 0.113227 1.03287 1197 3
 0 12 17 0.902486 0.969031 0.00223115 0.710242 1.1183 0 0.158517 1.55454 0.00464531 0.131242 0.972525 1112 3

 0 13 4 0.238923 1.15331 0.00302599 0.999812 2.48165 0 0.000187792 3.41762 0.375273 2.27007e-08 1.16608 1059 3
 0 13 5 0.292016 1.07441 0.00235966 0.996849 2.17097 0 0.00315084 3.04596 0.350178 1.75957e-15 1.09549 1467 3
 0 13 6 0.34511 1.03212 0.00131898 0.977314 1.93639 0 0.0226862 3.09579 0.345865 2.02357e-12 1.04576 1450 2
 0 13 7 0.398204 1.00769 0.00247078 0.968606 1.75567 0 0.031181 2.76515 0.319427 0.000212881 1.01296 1436 3
 0 13 8 0.451298 0.988365 0.00221917 0.941701 1.61434 0 0.0537147 2.49953 0.0426433 0.00458475 1.03139 1573 3
 0 13 9 0.504392 0.977484 0.00214006 0.899288 1.50247 0 0.074307 2.26876 0.0202515 0.0264049 1.06199 1592 3
 0 13 10 0.557486 0.967003 0.00194576 0.877895 1.41299 0 0.086703 2.13615 0.0105742 0.0354017 1.05446 1635 3
 0 13 11 0.61058 0.967337 0.00180734 0.851599 1.34076 0 0.105516 2.00274 0.00964542 0.0428854 1.01235 1554 3
 0 13 12 0.663674 0.965294 0.00179464 0.844998 1.28194 0 0.101643 1.93721 0.00806624 0.053359 1.06461 1585 3
 0 13 13 0.716768 0.958438 0.00183779 0.82595 1.23322 0 0.0962913 1.80724 0.00661573 0.0777588 1.0335 1344 3
 0 13 14 0.769861 0.963152 0.00192541 0.786429 1.19288 0 0.119531 1.72814 0.00569361 0.0940397 1.04239 1311 3
 0 13 15 0.822955 0.971543 0.0019225 0.736818 1.15914 0 0.136389 1.65009 0.00422429 0.126793 1.02619 1326 3
 0 13 16 0.876049 0.970371 0.00209287 0.741157 1.13075 0 0.140759 1.58459 0.00453506 0.118084 0.991702 1161 3
 0 13 17 0.929143 0.965585 0.00245801 0.69319 1.10675 0 0.164864 1.52442 0.00461152 0.141946 1.00053 1052 3

 0 14 4 0.248168 1.13361 0.00321045 1 2.42072 0 2.5466e-12 3.34649 0.256802 1.78353e-19 1.19325 1139 1
 0 14 5 0.303317 1.06253 0.000534907 0.995452 2.11558 0 0.00454806 3.00234 0.298302 1.25985e-11 1.0655 1528 2
 0 14 6 0.358465 1.02608 0.000261686 0.977309 1.88653 0 0.0226906 2.67984 0.361465 5.22917e-13 1.08491 1442 2
 0 14 7 0.413614 0.999784 0.00243518 0.964099 1.7111 0 0.0328205 2.61693 0.0567973 0.00308044 1.04231 1483 3
 0 14 8 0.468762 0.97999 0.0021946 0.951498 1.57468 0 0.0443885 2.3527 0.0540637 0.00411396 1.03593 1585 3
 0 14 9 0.523911 0.971382 0.00202213 0.89519 1.46728 0 0.081359 2.21837 0.0184103 0.0234512 1.04755 1690 3
 0 14 10 0.579059 0.96496 0.00189673 0.868539 1.3818 0 0.0899094 2.08812 0.0100977 0.0415519 1.0488 1662 3
 0 14 11 0.634208 0.96229 0.00181507 0.858614 1.31312 0 0.0940835 1.98195 0.0084142 0.0473027 1.06695 1662 3
 0 14 12 0.689356 0.963529 0.00182869 0.802531 1.25743 0 0.110813 1.85899 0.00638745 0.086656 1.03128 1470 3
 0 14 13 0.744505 0.966226 0.00177957 0.800708 1.21123 0 0.112159 1.77747 0.00577267 0.0871332 1.05915 1462 3
 0 14 14 0.799653 0.964127 0.00172867 0.782662 1.17322 0 0.0999645 1.68072 0.00481192 0.117374 1.02207 1427 3
 0 14 15 0.854802 0.968431 0.00194401 0.736095 1.14154 0 0.138121 1.61344 0.00449976 0.125784 1.01888 1334 3
 0 14 16 0.90995 0.971419 0.00225908 0.737854 1.11497 0 0.144522 1.55278 0.00486977 0.117624 1.03632 1184 3
 0 14 17 0.965099 0.972161 0.00252514 0.704517 1.09259 0 0.164337 1.49717 0.00457143 0.131147 0.955886 1077 3

 0 15 4 0.259898 1.11246 0.00311879 0.998252 2.3479 0 0.00174831 3.27065 0.24891 6.02092e-13 1.20329 1222 3
 0 15 5 0.317653 1.04848 0.00236973 0.989044 2.04981 0 0.0109564 2.89374 1.99997e-05 3.46757e-18 1.11856 1630 1
 0 15 6 0.375408 1.01153 0.00229468 0.975762 1.82772 0 0.0238748 2.78482 0.156915 0.000362823 1.07304 1629 3
 0 15 7 0.433163 0.981613 0.00247559 0.961042 1.65887 0 0.0358775 2.5916 0.0553347 0.0030805 1.09588 1512 3
 0 15 8 0.490918 0.976279 0.00228781 0.940286 1.5285 0 0.0520716 2.37977 0.0522231 0.00764278 1.10408 1648 3
 0 15 9 0.548673 0.965773 0.00203547 0.914134 1.42653 0 0.0623435 2.1728 0.0181203 0.0235226 1.06908 1688 3
 0 15 10 0.606428 0.959382 0.00185572 0.861515 1.34588 0 0.0901351 2.01535 0.00938522 0.0483499 1.0433 1715 3
 0 15 11 0.664183 0.963643 0.00184425 0.845138 1.28143 0 0.0881276 1.90279 0.00739019 0.0667345 1.11394 1684 3
 0 15 12 0.721938 0.960461 0.00173633 0.832524 1.22896 0 0.0949735 1.81041 0.00659173 0.0725029 1.086 1613 3
 0 15 13 0.779693 0.964821 0.00162682 0.791981 1.18618 0 0.106628 1.72611 0.00489402 0.101391 1.0227 1580 3
 0 15 14 0.837449 0.965872 0.00183133 0.768649 1.1509 0 0.127779 1.64565 0.00496189 0.103571 1.07643 1521 3
 0 15 15 0.895204 0.968907 0.00190668 0.746415 1.12163 0 0.127902 1.56938 0.00440619 0.125683 1.0169 1381 3
 0 15 16 0.952959 0.971262 0.0022648 0.761539 1.0972 0 0.118795 1.51436 0.00524011 0.119666 1.02245 1251 3
 0 15 17 1.01071 0.969256 0.00271572 0.725415 1.07673 0 0.143512 1.45593 0.00511298 0.131073 0.999471 1053 3
 0 15 18 1.06847 0.969867 0.00336075 0.7443 1.05951 0 0.13477 1.41144 0.00517713 0.12093 1.03003 1010 3

 0 16 4 0.274228 1.09398 0.00327347 1 2.26515 0 3.89996e-10 3.16902 0.253598 2.01299e-13 1.21806 1121 3
 0 16 5 0.335168 1.0384 0.000194873 0.99116 1.97568 0 0.00884011 2.79955 0.336177 3.39134e-14 1.15041 1545 2
 0 16 6 0.396108 1.00574 9.3728e-05 0.968963 1.76198 0 0.0310369 2.65031 0.265799 1.94521e-12 1.1038 1566 2
 0 16 7 0.457047 0.985666 0.00261488 0.945449 1.60095 0 0.0449686 2.43103 0.0333479 0.0095822 1.12261 1427 3
 0 16 8 0.517987 0.968588 0.00225877 0.923589 1.47766 0 0.061095 2.25504 0.0214386 0.0153155 1.09385 1629 3
 0 16 9 0.578927 0.964724 0.00191579 0.887201 1.38199 0 0.0818924 2.08705 0.0117145 0.0309067 1.07787 1793 3
 0 16 10 0.639866 0.96355 0.00175342 0.873405 1.30686 0 0.0899778 1.97256 0.0116029 0.0366171 1.12953 1836 3
 0 16 11 0.700806 0.966302 0.0015919 0.846642 1.24722 0 0.0892858 1.84217 0.00684948 0.0640724 1.10234 1852 3
 0 16 12 0.761746 0.965553 0.00168372 0.816157 1.19859 0 0.109637 1.7564 0.00635993 0.0742061 1.09975 1707 3
 0 16 13 0.822685 0.966616 0.00170278 0.797965 1.1593 0 0.108335 1.67012 0.00510246 0.0937003 1.06635 1665 3
 0 16 14 0.883625 0.967231 0.00174075 0.792192 1.12708 0 0.0987581 1.57357 0.00491462 0.109049 1.03462 1440 3
 0 16 15 0.944565 0.969413 0.00211319 0.744255 1.10048 0 0.127875 1.51617 0.00426439 0.12787 1.03645 1387 3
 0 16 16 1.0055 0.972627 0.00209702 0.706981 1.07843 0 0.143727 1.45532 0.00368883 0.149293 0.947341 1259 3
 0 16 17 1.06644 0.971675 0.00290623 0.730198 1.06006 0 0.133697 1.41188 0.00437172 0.136105 0.99058 1088 3
 0 16 18 1.12738 0.975615 0.00455335 0.699493 1.04473 0 0.17367 1.35573 0.00509129 0.126837 1.03511 1044 3

 0 17 4 0.291304 1.0752 0.0028067 0.985054 2.17457 0 0.0149459 3.06653 0.207606 4.00467e-12 1.20572 1150 3
 0 17 5 0.356038 1.02447 0.000256948 0.984987 1.89536 0 0.0150129 2.95479 0.231742 4.00888e-13 1.15374 1471 2
 0 17 6 0.420772 0.9909 0.00220991 0.969913 1.69144 0 0.0295262 2.66639 0.136907 0.000560853 1.11968 1607 3
 0 17 7 0.485506 0.975919 0.00231639 0.952639 1.53938 0 0.0420717 2.40127 0.0491671 0.00528881 1.11892 1547 3
 0 17 8 0.55024 0.973434 0.00199835 0.925234 1.42409 0 0.0534741 2.13253 0.023966 0.0212924 1.11528 1694 3
 0 17 9 0.614975 0.97376 0.00162516 0.890587 1.33542 0 0.0834182 1.99893 0.0135049 0.0259947 1.10963 1966 3
 0 17 10 0.679709 0.968911 0.00154397 0.876076 1.26637 0 0.0884961 1.87013 0.0101438 0.035428 1.08795 1846 3
 0 17 11 0.744443 0.968215 0.00146178 0.859266 1.21128 0 0.0912067 1.78716 0.00786295 0.0495269 1.10309 1907 3
 0 17 12 0.809177 0.970396 0.00156428 0.821793 1.16734 0 0.0992973 1.6856 0.00605271 0.07891 1.0991 1696 3
 0 17 13 0.873911 0.96748 0.00168429 0.807018 1.1318 0 0.121514 1.59678 0.00632336 0.0714678 1.04506 1656 3
 0 17 14 0.938645 0.970712 0.00187607 0.78883 1.10285 0 0.124085 1.51296 0.00542663 0.0870856 1.02318 1467 3
 0 17 15 1.00338 0.968133 0.00203032 0.758402 1.07913 0 0.14796 1.45704 0.00502576 0.0936386 0.955272 1352 3
 0 17 16 1.06811 0.973449 0.00366809 0.69845 1.05961 0 0.186297 1.40867 0.00503921 0.115253 1.08226 1184 3
 0 17 17 1.13285 0.962538 0.00313068 0.643492 1.04348 0 0.244135 1.36302 0.00495539 0.112373 0.934319 1088 3

 0 18 4 0.311294 1.05039 0.000295058 0.995423 2.07839 0 0.004577 2.93009 0.200284 4.94807e-13 1.17717 1228 2
 0 18 5 0.380471 1.01316 6.3906e-05 0.990669 1.81105 0 0.00933076 2.79303 0.289003 2.09934e-14 1.10735 1636 2
 0 18 6 0.449648 0.990069 0.0020932 0.969901 1.61825 0 0.0269605 2.53152 0.0721195 0.00313825 1.10654 1689 3
 0 18 7 0.518824 0.977875 0.00206499 0.938991 1.47618 0 0.0539944 2.26081 0.0402822 0.00701458 1.10818 1644 3
 0 18 8 0.588001 0.974461 0.00163231 0.923158 1.36964 0 0.0658654 2.11633 0.0224588 0.0109764 1.07468 1858 3
 0 18 9 0.657177 0.970739 0.00144582 0.899064 1.28852 0 0.0726491 1.93049 0.0106453 0.028287 1.09432 2050 3
 0 18 10 0.726354 0.969034 0.00140296 0.869614 1.22538 0 0.088041 1.81328 0.00957296 0.042345 1.08938 1923 3
 0 18 11 0.79553 0.972798 0.00130722 0.869279 1.17583 0 0.083843 1.70845 0.00861183 0.046878 1.085 1919 3
 0 18 12 0.864707 0.977274 0.00152346 0.830221 1.13642 0 0.106844 1.63243 0.00682571 0.0629345 1.09852 1686 3
 0 18 13 0.933883 0.972148 0.0018907 0.795166 1.10479 0 0.133126 1.53735 0.00631357 0.071708 1.06321 1582 3
 0 18 14 1.00306 0.974149 0.00223779 0.792116 1.07924 0 0.127605 1.45326 0.00603955 0.080279 1.06267 1492 3
 0 18 15 1.07224 0.96824 0.00279231 0.671384 1.05849 0 0.220056 1.40525 0.00476866 0.108559 0.9706 1353 3
 0 18 16 1.14141 0.970165 0.00387644 0.667847 1.04156 0 0.219904 1.36484 0.00474879 0.112249 0.987106 1212 3
 0 18 17 1.21059 0.9751 0.00582504 0.613469 1.02773 0 0.278405 1.31132 0.00550575 0.108126 1.01566 1047 3

 0 19 4 0.334401 1.03545 0.00269381 0.998109 1.9788 0 0.001891 2.80212 0.371791 6.52006e-14 1.15437 1249 1
 0 19 5 0.408712 1.0021 0.00224115 0.984363 1.72494 0 0.0156366 2.73802 0.0141279 1.51808e-14 1.13411 1458 1
 0 19 6 0.483023 0.981298 6.90655e-05 0.97287 1.54445 0 0.0271298 2.39235 0.207743 5.26413e-13 1.067 1681 2
 0 19 7 0.557335 0.973562 0.00187141 0.953772 1.41322 0 0.0420756 2.13683 0.0478739 0.0041527 1.09832 1780 3
 0 19 8 0.631646 0.975651 0.00154509 0.92605 1.31599 0 0.0627668 1.97156 0.0269043 0.0111827 1.06366 1877 3
 0 19 9 0.705957 0.974698 0.00136527 0.905973 1.24276 0 0.0664328 1.8514 0.0113018 0.0275939 1.11426 2096 3
 0 19 10 0.780268 0.972917 0.00132208 0.882736 1.18579 0 0.0866884 1.73846 0.00999494 0.0305752 1.1085 1969 3
 0 19 11 0.85458 0.973517 0.00132072 0.850662 1.14165 0 0.103136 1.6466 0.00763318 0.0462019 1.04225 1809 3
 0 19 12 0.928891 0.97681 0.00143702 0.828499 1.10685 0 0.117123 1.57239 0.00652365 0.0543784 1.03265 1715 3
 0 19 13 1.0032 0.971605 0.00201139 0.764387 1.07919 0 0.161673 1.47659 0.00580596 0.0739398 1.02432 1559 3
 0 19 14 1.07751 0.976072 0.00295221 0.771125 1.05707 0 0.149736 1.4082 0.00581145 0.0791382 1.03428 1430 3
 0 19 15 1.15182 0.972921 0.00448502 0.709463 1.0393 0 0.204133 1.34428 0.00577226 0.0864039 1.02023 1321 3
 0 19 16 1.22614 0.973482 0.00511418 0.662509 1.02498 0 0.245229 1.29754 0.00607107 0.092262 1.00017 1131 3
 0 19 17 1.30045 0.976481 0.00794148 0.596274 1.01343 0 0.282406 1.2664 0.00537013 0.12132 1.00987 1101 3


 1 0 4 0.334401 1.04301 0.00228607 0.992296 1.9788 0 0.00770373 2.99739 0.23624 2.35965e-12 1.15406 1279 3
 1 0 5 0.408712 0.999263 0.000165337 0.990944 1.72494 0 0.00905628 2.49684 0.308426 9.65614e-13 1.10711 1399 2
 1 0 6 0.483023 0.981361 4.22513e-05 0.977721 1.54445 0 0.0222785 2.37878 0.260296 5.08162e-14 1.07694 1604 2
 1 0 7 0.557335 0.97265 0.00183936 0.950129 1.41322 0 0.0477413 2.16891 0.0557194 0.00213018 1.07846 1582 3
 1 0 8 0.631646 0.975299 0.00150404 0.942858 1.31599 0 0.0536074 1.98089 0.0724526 0.00353439 1.08846 1773 3
 1 0 9 0.705957 0.976337 0.00130635 0.923808 1.24276 0 0.0629047 1.8319 0.0159592 0.0132877 1.06134 1811 3
 1 0 10 0.780268 0.97614 0.00128349 0.909773 1.18579 0 0.0729623 1.70939 0.0147527 0.0172651 1.06787 1777 3
 1 0 11 0.85458 0.978552 0.00133478 0.877641 1.14165 0 0.0921872 1.60959 0.0103048 0.0301714 1.06467 1664 3
 1 0 12 0.928891 0.979779 0.00155749 0.850589 1.10685 0 0.122092 1.57454 0.0109802 0.0273192 1.04703 1446 3
 1 0 13 1.0032 0.977951 0.00190522 0.830503 1.07919 0 0.128906 1.47234 0.00884574 0.0405904 0.977402 1370 3
 1 0 14 1.07751 0.975731 0.00313314 0.745465 1.05707 0 0.211321 1.39543 0.00774363 0.0432134 0.949243 1248 3
 1 0 15 1.15182 0.973314 0.00395892 0.633741 1.0393 0 0.306189 1.3427 0.00677098 0.0600694 0.942718 1166 3
 1 0 16 1.22614 0.975674 0.00609519 0.55545 1.02498 0 0.382628 1.30864 0.0069139 0.061922 0.948381 1064 3

 1 1 4 0.311294 1.06335 0.0013036 0.992292 2.07839 0 0.0077082 2.93008 0.252419 5.21779e-11 1.06025 1367 2
 1 1 5 0.380471 1.01369 7.94957e-05 0.986557 1.81105 0 0.0134434 2.75151 0.234937 1.09468e-13 1.14697 1592 2
 1 1 6 0.449648 0.985722 0.00183829 0.982393 1.61825 0 0.0176074 2.56147 0.014129 5.50661e-18 1.07793 1689 1
 1 1 7 0.518824 0.970878 0.00207476 0.952225 1.47618 0 0.047185 2.34922 0.127356 0.000589615 1.12886 1529 3
 1 1 8 0.588001 0.973275 0.00154695 0.935504 1.36964 0 0.0578559 2.07167 0.0357969 0.00663976 1.10418 1944 3
 1 1 9 0.657177 0.973216 0.00138167 0.919595 1.28852 0 0.0686131 1.90909 0.0186067 0.0117917 1.06451 1918 3
 1 1 10 0.726354 0.974155 0.0013591 0.896529 1.22538 0 0.0840364 1.7994 0.0120234 0.0194342 1.06376 1775 3
 1 1 11 0.79553 0.977805 0.00131165 0.88665 1.17583 0 0.0903218 1.72124 0.0114708 0.0230282 1.05297 1671 3
 1 1 12 0.864707 0.97826 0.00138121 0.861662 1.13642 0 0.107453 1.60536 0.009906 0.0308848 1.01448 1554 3
 1 1 13 0.933883 0.976199 0.00185569 0.823894 1.10479 0 0.141646 1.53115 0.00973016 0.0344605 1.01801 1388 3
 1 1 14 1.00306 0.975829 0.00235001 0.778814 1.07924 0 0.174058 1.47877 0.00713738 0.0471286 0.993789 1325 3
 1 1 15 1.07224 0.972752 0.00271794 0.717404 1.05849 0 0.227281 1.40829 0.00703774 0.0553155 0.922953 1156 3
 1 1 16 1.14141 0.973509 0.00464675 0.712097 1.04156 0 0.229742 1.35135 0.00754549 0.0581604 0.974655 1032 3

 1 2 4 0.291304 1.07932 0.000271776 0.995902 2.17457 0 0.00409832 3.05039 0.322688 1.76051e-13 1.16367 1311 2
 1 2 5 0.356038 1.0198 0.00209746 0.978357 1.89536 0 0.0216431 2.71173 0.0140803 7.48795e-15 1.15302 1657 1
 1 2 6 0.420772 0.992869 0.00196345 0.966903 1.69144 0 0.0330971 2.56563 0.0141298 1.8671e-16 1.14245 1653 1
 1 2 7 0.485506 0.976647 0.000192095 0.951935 1.53938 0 0.0480655 2.37659 0.256092 4.05188e-12 1.1159 1442 2
 1 2 8 0.55024 0.970718 0.00179929 0.943212 1.42409 0 0.0482058 2.18511 0.030257 0.00858255 1.09391 1645 3
 1 2 9 0.614975 0.972782 0.00151958 0.91459 1.33542 0 0.074791 2.03865 0.0260466 0.0106192 1.1044 1895 3
 1 2 10 0.679709 0.969944 0.00144379 0.901784 1.26637 0 0.0782139 1.8951 0.0127392 0.020002 1.04123 1717 3
 1 2 11 0.744443 0.975869 0.00135868 0.899522 1.21128 0 0.0837317 1.77362 0.0168991 0.016746 1.03254 1700 3
 1 2 12 0.809177 0.973659 0.00155055 0.873211 1.16734 0 0.102879 1.66865 0.0115979 0.0239101 1.08944 1511 3
 1 2 13 0.873911 0.970314 0.0016997 0.82172 1.1318 0 0.133847 1.60229 0.00753438 0.0444329 1.00698 1373 3
 1 2 14 0.938645 0.973586 0.00192317 0.816001 1.10285 0 0.143548 1.529 0.00860926 0.0404508 1.00021 1319 3
 1 2 15 1.00338 0.974608 0.00203881 0.797016 1.07913 0 0.163253 1.46218 0.00812523 0.0397313 0.948719 1161 3
 1 2 16 1.06811 0.96771 0.00259359 0.69364 1.05961 0 0.232487 1.41298 0.00577219 0.0738731 0.92688 1079 3

 1 3 4 0.274228 1.09595 0.0025695 0.998632 2.26515 0 0.00136784 3.16116 0.36416 6.40395e-19 1.16178 1333 1
 1 3 5 0.335168 1.03296 0.00190802 0.992563 1.97568 0 0.00743676 3.12856 0.232696 4.21256e-12 1.14849 1672 3
 1 3 6 0.396108 0.99523 0.000112687 0.974457 1.76198 0 0.0255426 2.56634 0.202023 9.26282e-13 1.132 1609 2
 1 3 7 0.457047 0.986164 9.96848e-05 0.958647 1.60095 0 0.0413534 2.40141 0.311186 5.24097e-13 1.12551 1318 2
 1 3 8 0.517987 0.970429 6.05946e-05 0.937874 1.47766 0 0.0621258 2.1125 0.222837 4.48431e-13 1.10839 1485 2
 1 3 9 0.578927 0.966035 0.00189878 0.912379 1.38199 0 0.0777672 2.13347 0.0314532 0.00985375 1.12151 1660 3
 1 3 10 0.639866 0.968053 0.00162343 0.909096 1.30686 0 0.0786318 1.95983 0.0212826 0.0122727 1.08263 1726 3
 1 3 11 0.700806 0.968078 0.00148547 0.876119 1.24722 0 0.0958664 1.83796 0.0104439 0.028015 1.03321 1671 3
 1 3 12 0.761746 0.971741 0.00154382 0.879219 1.19859 0 0.0923716 1.76194 0.0106658 0.0284097 1.05094 1568 3
 1 3 13 0.822685 0.968279 0.00164815 0.846963 1.1593 0 0.126501 1.66217 0.011839 0.0265354 1.04035 1424 3
 1 3 14 0.883625 0.972227 0.00173921 0.836427 1.12708 0 0.128313 1.57954 0.00951938 0.0352604 0.990528 1307 3
 1 3 15 0.944565 0.974337 0.00184739 0.819439 1.10048 0 0.130802 1.50954 0.00744181 0.0497592 0.961772 1189 3
 1 3 16 1.0055 0.971916 0.00224126 0.781929 1.07843 0 0.165342 1.44728 0.00706081 0.0527286 0.93939 1076 3

 1 4 4 0.259898 1.11523 0.0025025 1 2.3479 0 4.74254e-17 3.65698 0.0142075 1.415e-21 1.15278 1402 1
 1 4 5 0.317653 1.04494 0.000668318 0.99013 2.04981 0 0.00986989 3.2478 0.372711 7.47472e-13 1.11194 1752 2
 1 4 6 0.375408 1.00127 0.000279142 0.978181 1.82772 0 0.0218188 2.69125 0.224825 8.57451e-12 1.09898 1518 2
 1 4 7 0.433163 0.98018 0.000100431 0.964771 1.65887 0 0.0352285 2.53692 0.248316 1.1065e-12 1.04216 1358 2
 1 4 8 0.490918 0.973507 0.00198499 0.945472 1.5285 0 0.0484903 2.30222 0.0385087 0.00603807 1.01648 1607 3
 1 4 9 0.548673 0.971383 0.00187951 0.911564 1.42653 0 0.080068 2.17003 0.0250801 0.00836783 1.03652 1634 3
 1 4 10 0.606428 0.968891 0.00175443 0.905258 1.34588 0 0.0831563 2.03261 0.0210607 0.0115854 1.04637 1600 3
 1 4 11 0.664183 0.970242 0.00161823 0.894423 1.28143 0 0.0864473 1.90956 0.0157374 0.0191301 1.03934 1612 3
 1 4 12 0.721938 0.969203 0.00161688 0.845665 1.22896 0 0.128197 1.80632 0.0109335 0.0261377 1.01515 1515 3
 1 4 13 0.779693 0.967326 0.00165541 0.847281 1.18618 0 0.117811 1.72669 0.00900887 0.0349086 1.02229 1434 3
 1 4 14 0.837449 0.972432 0.00177189 0.835294 1.1509 0 0.11394 1.63987 0.00713136 0.0507661 1.0317 1299 3
 1 4 15 0.895204 0.970716 0.00201917 0.798244 1.12163 0 0.147198 1.55946 0.00691716 0.0545577 1.0106 1221 3
 1 4 16 0.952959 0.969931 0.00208401 0.782737 1.0972 0 0.15816 1.51073 0.00735286 0.0591036 0.941978 1060 3

 1 5 4 0.248168 1.13545 0.00253105 1 2.42072 0 7.64927e-13 3.34648 1.99996e-05 8.87015e-17 1.16425 1404 1
 1 5 5 0.303317 1.05974 0.00189775 0.991579 2.11558 0 0.00842097 2.97698 0.313677 5.64258e-14 1.1043 1799 3
 1 5 6 0.358465 1.01966 0.00228188 0.986402 1.88653 0 0.0135979 2.70117 0.361493 2.16001e-11 1.11277 1435 3
 1 5 7 0.413614 0.992288 0.000117941 0.965389 1.7111 0 0.0346112 2.62266 0.303751 1.3985e-13 1.07886 1362 2
 1 5 8 0.468762 0.977386 0.00213284 0.946432 1.57468 0 0.0503607 2.38447 0.0617672 0.00320749 1.0546 1511 3
 1 5 9 0.523911 0.973733 0.00195927 0.922788 1.46728 0 0.0677368 2.2333 0.0267353 0.00947486 1.06046 1592 3
 1 5 10 0.579059 0.973255 0.00173123 0.913286 1.3818 0 0.0726044 2.09804 0.0199767 0.0141099 1.00998 1608 3
 1 5 11 0.634208 0.968808 0.00165943 0.894075 1.31312 0 0.0909677 1.96051 0.0179874 0.0149571 0.995772 1547 3
 1 5 12 0.689356 0.969727 0.00177515 0.856274 1.25743 0 0.114799 1.86414 0.0134588 0.0289276 1.02731 1405 3
 1 5 13 0.744505 0.96648 0.00165245 0.863639 1.21123 0 0.118527 1.78496 0.0148173 0.0178342 1.01715 1407 3
 1 5 14 0.799653 0.972468 0.00181874 0.835196 1.17322 0 0.12566 1.69501 0.00980587 0.0391438 1.04565 1294 3
 1 5 15 0.854802 0.971779 0.00198848 0.821912 1.14154 0 0.122832 1.61828 0.00738252 0.055257 1.03016 1165 3
 1 5 16 0.90995 0.97161 0.00208057 0.816554 1.11497 0 0.139328 1.5499 0.00926096 0.0441175 0.97269 1018 3

 1 6 4 0.238923 1.15081 0.00261958 1 2.48165 0 5.75018e-12 3.41762 1.99996e-05 1.19039e-17 1.15916 1374 1
 1 6 5 0.292016 1.06998 0.000432814 0.99275 2.17097 0 0.00725021 3.09205 0.272352 6.94129e-13 1.10445 1722 2
 1 6 6 0.34511 1.03081 0.000555422 0.980525 1.93639 0 0.0194746 2.74638 0.259572 5.62582e-12 1.07771 1366 2
 1 6 7 0.398204 1.00273 0.0024653 0.963937 1.75567 0 0.0360633 2.70996 0.286419 1.56755e-12 1.0404 1257 3
 1 6 8 0.451298 0.982665 0.000338014 0.952652 1.61434 0 0.0473436 2.53185 0.212227 4.65154e-06 1.02902 1438 2
 1 6 9 0.504392 0.976677 0.00200565 0.930002 1.50247 0 0.066411 2.22144 0.0546448 0.00358691 1.03715 1547 3
 1 6 10 0.557486 0.975926 0.00173396 0.920415 1.41299 0 0.0696104 2.13918 0.0235012 0.00997504 1.02157 1603 3
 1 6 11 0.61058 0.971305 0.00172547 0.882488 1.34076 0 0.0982582 2.01295 0.0139083 0.0192535 1.01864 1539 3
 1 6 12 0.663674 0.972112 0.00173614 0.865461 1.28194 0 0.107231 1.91905 0.0125545 0.0273077 1.02148 1439 3
 1 6 13 0.716768 0.971586 0.00175093 0.83792 1.23322 0 0.132898 1.7957 0.0109505 0.0291823 0.995908 1256 3
 1 6 14 0.769861 0.970526 0.00185528 0.848821 1.19288 0 0.111971 1.7208 0.00948433 0.0392084 1.02729 1221 3
 1 6 15 0.822955 0.974491 0.00195576 0.84758 1.15914 0 0.103999 1.64047 0.00824113 0.0484204 1.05223 1181 3
 1 6 16 0.876049 0.977389 0.00199693 0.815251 1.13075 0 0.133743 1.58718 0.00877519 0.0510059 0.951836 1076 3
 1 6 17 0.929143 0.978007 0.00237988 0.772625 1.10675 0 0.165899 1.54113 0.0074519 0.0614758 0.943205 1014 3

 1 7 4 0.232068 1.17118 0.00253868 0.999484 2.52898 0 0.000515352 3.47239 0.29827 2.55591e-07 1.18319 1383 3
 1 7 5 0.283639 1.08164 0.00185914 0.991476 2.21421 0 0.00852445 3.24058 0.253194 1.54997e-14 1.09235 1835 3
 1 7 6 0.335209 1.03776 0.000198228 0.984881 1.97552 0 0.0151194 3.03231 0.263965 2.53176e-13 1.07072 1431 2
 1 7 7 0.38678 1.01016 4.07067e-05 0.959945 1.79082 0 0.0400548 2.67419 0.326113 2.559e-14 1.0832 1273 2
 1 7 8 0.438351 0.992274 0.00210716 0.933226 1.64577 0 0.0610967 2.53602 0.0476889 0.00567737 1.02613 1466 3
 1 7 9 0.489921 0.980534 0.00192211 0.929338 1.53048 0 0.0682399 2.33854 0.124152 0.00242165 1.03257 1555 3
 1 7 10 0.541492 0.977599 0.00178394 0.914571 1.43793 0 0.0777792 2.19268 0.0259565 0.00765012 1.02815 1582 3
 1 7 11 0.593063 0.969416 0.00167897 0.903634 1.36294 0 0.0784735 2.0432 0.014639 0.0178929 1.01367 1552 3
 1 7 12 0.644633 0.971732 0.00168273 0.873113 1.30169 0 0.106191 1.92308 0.0166209 0.0206959 0.990053 1423 3
 1 7 13 0.696204 0.971632 0.00164716 0.875845 1.25127 0 0.0980585 1.84756 0.0117767 0.0260961 0.971989 1312 3
 1 7 14 0.747774 0.973112 0.00174243 0.840278 1.20878 0 0.124217 1.77281 0.00887537 0.035505 0.970506 1238 3
 1 7 15 0.799345 0.972505 0.00180283 0.819777 1.17342 0 0.137763 1.6811 0.00809936 0.0424598 0.988406 1280 3
 1 7 16 0.850916 0.978468 0.00216607 0.80848 1.14359 0 0.139871 1.60793 0.00785897 0.0516488 1.01332 1050 3

 1 8 4 0.227536 1.17955 0.00244411 1 2.56134 0 9.89268e-13 3.50964 0.348307 2.28871e-18 1.22443 1384 3
 1 8 5 0.2781 1.09153 0.0019909 0.997492 2.24388 0 0.00250801 3.13534 0.356935 7.43065e-16 1.10216 1734 3
 1 8 6 0.328663 1.04349 0.000118176 0.983831 2.00246 0 0.0161689 2.83285 0.371767 1.31063e-14 1.06922 1347 2
 1 8 7 0.379227 1.01723 0.000345839 0.979271 1.81511 0 0.0207288 2.62262 0.236277 2.10208e-11 1.07388 1208 2
 1 8 8 0.42979 0.996481 4.66481e-05 0.957702 1.66756 0 0.0422982 2.58567 0.240449 1.64302e-13 1.02949 1472 2
 1 8 9 0.480354 0.98584 0.00187978 0.936194 1.54997 0 0.0609091 2.4028 0.057967 0.00289703 1.0322 1594 3
 1 8 10 0.530917 0.982109 0.0017401 0.919314 1.45533 0 0.0754505 2.23027 0.0385536 0.0052353 1.03247 1650 3
 1 8 11 0.581481 0.975436 0.0017977 0.899974 1.37847 0 0.0854881 2.07821 0.0197189 0.0145377 1.08105 1569 3
 1 8 12 0.632044 0.97501 0.0017351 0.884351 1.31554 0 0.10096 1.94859 0.0183315 0.0146883 1.02405 1438 3
 1 8 13 0.682608 0.977064 0.00180558 0.880115 1.26365 0 0.0973158 1.86182 0.0129544 0.0225691 1.05859 1305 3
 1 8 14 0.733172 0.978153 0.00178661 0.839913 1.21996 0 0.116066 1.77953 0.0090381 0.0440202 0.988821 1249 3
 1 8 15 0.783735 0.975764 0.00182715 0.828948 1.18349 0 0.129362 1.72219 0.00800086 0.0416902 0.992347 1218 3
 1 8 16 0.834299 0.976739 0.00206641 0.790566 1.15266 0 0.166562 1.64277 0.00819394 0.0428711 0.962654 1050 3

 1 9 4 0.225281 1.19826 0.0025409 1 2.57776 0 3.96177e-13 3.56721 0.218626 6.54793e-20 1.19584 1363 3
 1 9 5 0.275344 1.1014 0.00219621 0.993124 2.25897 0 0.00687584 3.15365 1.99997e-05 2.3894e-18 1.14847 1760 1
 1 9 6 0.325406 1.05535 0.00229597 0.979133 2.01619 0 0.0208673 2.85329 0.392478 2.9893e-12 1.11482 1412 3
 1 9 7 0.375469 1.01623 0.00259951 0.965258 1.82752 0 0.0347424 2.75434 0.0141297 1.6352e-16 1.06807 1214 1
 1 9 8 0.425531 0.995486 1.59659e-05 0.953835 1.67872 0 0.046165 2.56784 0.278311 7.35693e-14 1.12195 1633 2
 1 9 9 0.475594 0.985489 0.00190976 0.936589 1.55997 0 0.0606618 2.40506 0.0574875 0.00274901 1.11353 1750 3
 1 9 10 0.525656 0.980695 0.00180109 0.922292 1.46427 0 0.0701027 2.20513 0.0291723 0.00760512 1.12188 1778 3
 1 9 11 0.575719 0.976319 0.00183661 0.902311 1.38646 0 0.0891185 2.08032 0.0261054 0.00857049 1.07761 1567 3
 1 9 12 0.625781 0.978186 0.00187582 0.876216 1.32269 0 0.101606 1.99314 0.0143462 0.0221785 1.0697 1428 3
 1 9 13 0.675844 0.976996 0.00174714 0.854202 1.27004 0 0.109902 1.90293 0.0105123 0.035896 0.995324 1311 3
 1 9 14 0.725906 0.981027 0.00185717 0.833678 1.22574 0 0.129104 1.79813 0.00987717 0.0372187 1.00482 1271 3
 1 9 15 0.775969 0.97458 0.00190666 0.8353 1.18869 0 0.124615 1.73065 0.00838425 0.0400857 1.00126 1191 3
 1 9 16 0.826031 0.982794 0.00223759 0.803521 1.15736 0 0.134121 1.65825 0.00682631 0.0623582 1.03015 1049 3

 1 10 4 0.225281 1.20132 0.0027226 1 2.57776 0 1.12084e-16 3.52842 1.99997e-05 4.1397e-20 1.24096 1499 1
 1 10 5 0.275344 1.10213 0.000860903 0.991721 2.25897 0 0.00827876 3.1787 0.340362 1.78872e-12 1.13145 1847 2
 1 10 6 0.325406 1.05248 0.000257994 0.980394 2.01619 0 0.0196064 2.85059 0.205075 5.65252e-13 1.12083 1400 2
 1 10 7 0.375469 1.01772 0.000138011 0.970003 1.82752 0 0.0299968 2.70948 0.332878 9.38215e-13 1.11904 1364 2
 1 10 8 0.425531 0.99728 0.00200497 0.959802 1.67872 0 0.038978 2.54816 0.0772493 0.00122007 1.08725 1694 3
 1 10 9 0.475594 0.983803 0.00189937 0.943175 1.55997 0 0.0566069 2.39472 0.292864 0.000217982 1.09389 1761 3
 1 10 10 0.525656 0.98232 0.00180521 0.925636 1.46427 0 0.0697639 2.23328 0.0462481 0.00460051 1.09994 1779 3
 1 10 11 0.575719 0.978961 0.00182349 0.896322 1.38646 0 0.0897159 2.08517 0.0173512 0.0139624 1.11528 1662 3
 1 10 12 0.625781 0.976079 0.00179471 0.883618 1.32269 0 0.0888917 1.97819 0.0120879 0.0274902 1.06023 1477 3
 1 10 13 0.675844 0.975356 0.00171936 0.875537 1.27004 0 0.103157 1.88288 0.0132484 0.0213059 0.974971 1311 3
 1 10 14 0.725906 0.973932 0.00181148 0.84748 1.22574 0 0.11674 1.80692 0.00846403 0.0357806 0.966383 1223 3
 1 10 15 0.775969 0.977843 0.00191002 0.804305 1.18869 0 0.142614 1.70788 0.00774696 0.0530805 1.00013 1199 3
 1 10 16 0.826031 0.978478 0.00204126 0.803025 1.15736 0 0.139548 1.6535 0.00715559 0.0574273 0.986081 1154 3

 1 11 4 0.227536 1.18351 0.00117896 0.999176 2.56134 0 0.000823965 3.50961 0.355645 6.65191e-12 1.21302 1526 2
 1 11 5 0.2781 1.09335 0.00208389 0.995726 2.24388 0 0.00427383 3.13533 1.99997e-05 2.23369e-17 1.1216 1845 1
 1 11 6 0.328663 1.04334 0.00230716 0.991295 2.00246 0 0.00870541 2.8329 0.204822 6.3564e-11 1.06183 1409 3
 1 11 7 0.379227 1.01833 8.512e-05 0.967571 1.81511 0 0.0324286 2.64987 0.218824 1.93473e-13 1.05839 1356 2
 1 11 8 0.42979 0.996389 5.25256e-05 0.953222 1.66756 0 0.0467776 2.56973 0.205688 1.45357e-13 1.03404 1502 2
 1 11 9 0.480354 0.988325 0.00190298 0.930292 1.54997 0 0.0648981 2.31826 0.0415101 0.00480945 1.05208 1645 3
 1 11 10 0.530917 0.979703 0.00174188 0.89484 1.45533 0 0.0962503 2.16132 0.0257957 0.00891009 1.0013 1585 3
 1 11 11 0.581481 0.976123 0.00173551 0.901453 1.37847 0 0.0869106 2.12411 0.026176 0.0116366 1.04045 1564 3
 1 11 12 0.632044 0.977943 0.0017548 0.890939 1.31554 0 0.0956795 2.01416 0.0216049 0.013382 1.063 1486 3
 1 11 13 0.682608 0.972782 0.00179523 0.852844 1.26365 0 0.108482 1.86853 0.00997679 0.0386735 1.0062 1261 3
 1 11 14 0.733172 0.974541 0.00177897 0.861625 1.21996 0 0.113614 1.76359 0.0113679 0.0247614 0.979054 1261 3
 1 11 15 0.783735 0.976316 0.00179881 0.842806 1.18349 0 0.114234 1.70162 0.00809041 0.0429591 0.96732 1179 3
 1 11 16 0.834299 0.976579 0.00206855 0.806854 1.15266 0 0.141114 1.63309 0.00826581 0.0520317 1.00295 1079 3
 1 11 17 0.884862 0.97549 0.00222133 0.802067 1.12648 0 0.153282 1.58396 0.00846563 0.044651 0.957083 1002 3

 1 12 4 0.232068 1.16879 0.00242985 1 2.52898 0 4.5885e-12 3.47241 0.395553 3.78985e-16 1.24638 1478 3
 1 12 5 0.283639 1.08227 0.00219012 0.998057 2.21421 0 0.00194283 3.1069 0.323178 2.44105e-12 1.12554 1681 3
 1 12 6 0.335209 1.03792 0.000822341 0.980697 1.97552 0 0.0193028 2.87699 0.233737 7.52448e-11 1.05926 1453 2
 1 12 7 0.38678 1.00712 0.000559402 0.973561 1.79082 0 0.0264385 2.57635 0.342013 1.95386e-11 1.0683 1277 2
 1 12 8 0.438351 0.992433 0.00215118 0.95439 1.64577 0 0.0456096 2.49299 0.0141297 1.76935e-19 1.08592 1551 1
 1 12 9 0.489921 0.981802 0.0018891 0.929046 1.53048 0 0.0670741 2.23872 0.0585574 0.00388027 1.02439 1620 3
 1 12 10 0.541492 0.977278 0.00171086 0.911752 1.43793 0 0.0755321 2.20546 0.0209424 0.0127154 1.02754 1702 3
 1 12 11 0.593063 0.978003 0.00170697 0.888442 1.36294 0 0.0927428 2.06418 0.0172456 0.0188147 1.00832 1515 3
 1 12 12 0.644633 0.973696 0.00170318 0.880066 1.30169 0 0.103807 1.94371 0.015782 0.0161277 1.02325 1497 3
 1 12 13 0.696204 0.97189 0.00174608 0.855005 1.25127 0 0.117224 1.83934 0.0120656 0.0277704 1.02142 1335 3
 1 12 14 0.747774 0.974104 0.00189635 0.822153 1.20878 0 0.127504 1.75826 0.0077945 0.0503431 1.04218 1295 3
 1 12 15 0.799345 0.973619 0.0019028 0.826948 1.17342 0 0.125867 1.70446 0.00866967 0.0471851 1.0092 1165 3
 1 12 16 0.850916 0.976428 0.00211757 0.770901 1.14359 0 0.163168 1.61075 0.00645056 0.0659309 0.990235 1078 3

 1 13 4 0.238923 1.15412 0.00233773 1 2.48165 0 1.08904e-13 3.41762 0.376585 1.34572e-18 1.22313 1524 3
 1 13 5 0.292016 1.07297 0.00197894 0.988755 2.17097 0 0.0112448 3.19202 0.21674 1.98905e-14 1.14502 1877 3
 1 13 6 0.34511 1.02688 0.00093877 0.983502 1.93639 0 0.0164975 2.74637 0.398515 3.73412e-11 1.08611 1545 2
 1 13 7 0.398204 0.999857 0.00230257 0.959629 1.75567 0 0.0403708 2.66317 0.281 2.67332e-09 1.08374 1416 2
 1 13 8 0.451298 0.984308 0.00207678 0.945653 1.61434 0 0.052861 2.42815 0.0885876 0.00148612 1.06062 1697 3
 1 13 9 0.504392 0.979358 0.00189178 0.924464 1.50247 0 0.0697321 2.29295 0.0402812 0.0058043 1.03154 1706 3
 1 13 10 0.557486 0.971703 0.00173038 0.908654 1.41299 0 0.0820495 2.14557 0.0266793 0.00929646 0.987477 1658 3
 1 13 11 0.61058 0.970814 0.0016042 0.880521 1.34076 0 0.100569 2.02363 0.0202889 0.0189097 0.975638 1607 3
 1 13 12 0.663674 0.971902 0.00171047 0.878932 1.28194 0 0.0988424 1.91508 0.0166075 0.0222259 1.02814 1465 3
 1 13 13 0.716768 0.971884 0.00172478 0.850302 1.23322 0 0.112633 1.82314 0.0090854 0.037065 1.03992 1389 3
 1 13 14 0.769861 0.974206 0.00175 0.841896 1.19288 0 0.117958 1.71401 0.00847131 0.0401461 0.985441 1265 3
 1 13 15 0.822955 0.972709 0.00186256 0.817921 1.15914 0 0.133003 1.66527 0.00748435 0.0490768 0.993686 1197 3
 1 13 16 0.876049 0.973205 0.00214201 0.793147 1.13075 0 0.161962 1.58546 0.00873125 0.0448908 1.01502 1117 3
 1 13 17 0.929143 0.969273 0.00230604 0.792155 1.10675 0 0.154115 1.51108 0.00885903 0.0537296 0.98035 1031 3

 1 14 4 0.248168 1.13804 0.00253329 0.998574 2.42072 0 0.00142603 3.34647 1.99997e-05 4.73919e-16 1.21358 1624 1
 1 14 5 0.303317 1.05994 0.00197472 0.992252 2.11558 0 0.00774833 3.08595 0.0141273 1.71176e-14 1.11291 1929 1
 1 14 6 0.358465 1.0231 0.000271332 0.981747 1.88653 0 0.0182526 2.72072 0.379197 8.48326e-13 1.10945 1562 2
 1 14 7 0.413614 0.992385 0.00248926 0.963507 1.7111 0 0.0364934 2.45764 0.229534 1.25019e-12 1.10051 1504 3
 1 14 8 0.468762 0.983582 4.95882e-05 0.944636 1.57468 0 0.0553643 2.37035 0.211071 1.69348e-12 1.0191 1593 2
 1 14 9 0.523911 0.974183 0.00182145 0.929419 1.46728 0 0.063506 2.21571 0.0321104 0.00707549 1.02469 1728 3
 1 14 10 0.579059 0.970538 0.00168018 0.896291 1.3818 0 0.0866722 2.10093 0.0189303 0.0170371 0.995962 1679 3
 1 14 11 0.634208 0.969259 0.00175329 0.878788 1.31312 0 0.0913682 1.97351 0.0118183 0.0298436 1.05708 1623 3
 1 14 12 0.689356 0.971797 0.00175686 0.855967 1.25743 0 0.108741 1.8747 0.00997058 0.035292 1.04693 1481 3
 1 14 13 0.744505 0.9684 0.00173771 0.851477 1.21123 0 0.109666 1.78474 0.00937161 0.0388564 1.02815 1375 3
 1 14 14 0.799653 0.971322 0.00172661 0.841117 1.17322 0 0.129117 1.68995 0.0101416 0.0297656 1.00605 1316 3
 1 14 15 0.854802 0.968273 0.00192046 0.822018 1.14154 0 0.129686 1.61735 0.00749732 0.0482959 1.01606 1195 3
 1 14 16 0.90995 0.971897 0.00196917 0.800382 1.11497 0 0.151045 1.55068 0.00762038 0.0485725 0.941166 1086 3
 1 14 17 0.965099 0.968792 0.00237867 0.733058 1.09259 0 0.190403 1.49436 0.00585583 0.0765392 0.951315 1020 3

 1 15 4 0.259898 1.11196 0.00251846 1 2.3479 0 4.04189e-12 3.26042 1.99996e-05 1.09832e-18 1.19367 1567 1
 1 15 5 0.317653 1.04297 0.00130667 0.992774 2.04981 0 0.00722606 3.03502 0.216434 1.88059e-11 1.11153 1904 2
 1 15 6 0.375408 1.00578 0.0020463 0.981103 1.82772 0 0.0188974 2.59979 1.99997e-05 1.40063e-17 1.09145 1732 1
 1 15 7 0.433163 0.986179 0.000221807 0.965536 1.65887 0 0.0344638 2.64166 0.247674 8.67608e-14 1.07647 1656 2
 1 15 8 0.490918 0.975602 0.00204031 0.943541 1.5285 0 0.0564594 2.24625 0.0141251 7.00734e-18 1.06342 1686 1
 1 15 9 0.548673 0.96985 0.00178737 0.921006 1.42653 0 0.0736957 2.22828 0.0372275 0.00529805 1.01475 1753 3
 1 15 10 0.606428 0.970169 0.00171882 0.904738 1.34588 0 0.0813049 2.02128 0.0173493 0.0139576 1.04204 1759 3
 1 15 11 0.664183 0.968367 0.00162032 0.886839 1.28143 0 0.0946866 1.91708 0.0129512 0.018474 1.02807 1648 3
 1 15 12 0.721938 0.966051 0.00150742 0.875511 1.22896 0 0.103312 1.80699 0.0134087 0.021177 0.985707 1637 3
 1 15 13 0.779693 0.970909 0.00159457 0.84913 1.18618 0 0.114796 1.73139 0.00839987 0.0360739 1.0198 1504 3
 1 15 14 0.837449 0.971159 0.00165621 0.82384 1.1509 0 0.131691 1.63013 0.0076855 0.0444685 0.966193 1393 3
 1 15 15 0.895204 0.973183 0.00192077 0.839794 1.12163 0 0.115902 1.56422 0.00811017 0.0443042 1.01058 1245 3
 1 15 16 0.952959 0.97266 0.0019685 0.790488 1.0972 0 0.157963 1.48865 0.00736399 0.0515491 0.92153 1104 3

 1 16 4 0.274228 1.09452 0.00224381 0.996913 2.26515 0 0.00308715 3.16389 0.228999 8.25496e-13 1.21438 1655 3
 1 16 5 0.335168 1.03052 0.000128146 0.989329 1.97568 0 0.0106715 2.79802 0.348759 3.0593e-14 1.12666 1955 2
 1 16 6 0.396108 0.996117 0.000115825 0.975053 1.76198 0 0.024947 2.71525 0.200102 6.21026e-14 1.07946 1852 2
 1 16 7 0.457047 0.980318 0.000177434 0.952472 1.60095 0 0.0475281 2.37522 0.209619 1.03226e-12 1.10629 1643 2
 1 16 8 0.517987 0.970257 0.00205431 0.930284 1.47766 0 0.0660254 2.26487 0.0659843 0.00369029 1.09434 1738 3
 1 16 9 0.578927 0.969169 0.00169891 0.923509 1.38199 0 0.0668886 2.08717 0.0203499 0.00960256 1.06862 1859 3
 1 16 10 0.639866 0.968454 0.00151179 0.908245 1.30686 0 0.0744614 1.93125 0.0188244 0.0172934 1.03816 1819 3
 1 16 11 0.700806 0.970281 0.00147626 0.893902 1.24722 0 0.0903131 1.8273 0.0151037 0.0157852 1.06391 1858 3
 1 16 12 0.761746 0.97187 0.00159094 0.877945 1.19859 0 0.0929244 1.73146 0.0121286 0.0291308 1.05649 1612 3
 1 16 13 0.822685 0.970497 0.00160425 0.854216 1.1593 0 0.122013 1.65602 0.0116877 0.023771 1.03774 1546 3
 1 16 14 0.883625 0.973111 0.00189606 0.819668 1.12708 0 0.132878 1.58729 0.00787022 0.0474542 1.04499 1381 3
 1 16 15 0.944565 0.971925 0.00200265 0.799762 1.10048 0 0.148585 1.53088 0.00729761 0.0516529 0.97992 1248 3
 1 16 16 1.0055 0.971264 0.00253899 0.752341 1.07843 0 0.194375 1.46174 0.00732459 0.0532839 0.986138 1140 3
 1 16 17 1.06644 0.974 0.00363859 0.755136 1.06006 0 0.179171 1.4047 0.00676152 0.0656934 1.01561 1072 3

 1 17 4 0.291304 1.07345 0.00237737 0.998786 2.17457 0 0.00121391 3.35295 0.241522 2.48941e-14 1.22325 1659 3
 1 17 5 0.356038 1.0213 0.000340699 0.985967 1.89536 0 0.0140331 2.69171 0.339787 4.5119e-13 1.14569 1881 2
 1 17 6 0.420772 0.991276 0.00181108 0.974529 1.69144 0 0.0254706 2.41001 0.264896 6.18402e-13 1.11269 1904 3
 1 17 7 0.485506 0.983222 0.00216762 0.958808 1.53938 0 0.041192 2.40858 0.01413 2.91046e-16 1.11101 1613 1
 1 17 8 0.55024 0.974506 0.00167605 0.943513 1.42409 0 0.0556156 2.30418 0.117322 0.000871496 1.09461 1979 3
 1 17 9 0.614975 0.971163 0.00146497 0.924044 1.33542 0 0.0695174 1.99836 0.0284411 0.00643819 1.05957 1972 3
 1 17 10 0.679709 0.972139 0.00146384 0.906178 1.26637 0 0.0796188 1.89451 0.0153733 0.0142033 1.09263 1912 3
 1 17 11 0.744443 0.972016 0.00133615 0.877507 1.21128 0 0.104456 1.78726 0.0144398 0.0180365 1.05406 1908 3
 1 17 12 0.809177 0.978369 0.00156114 0.856373 1.16734 0 0.114594 1.67783 0.00938523 0.0290331 1.08157 1685 3
 1 17 13 0.873911 0.975528 0.00173711 0.825831 1.1318 0 0.141238 1.60231 0.00961684 0.032931 1.0337 1552 3
 1 17 14 0.938645 0.975242 0.00198397 0.802423 1.10285 0 0.162573 1.51818 0.0104841 0.0350046 0.996255 1380 3
 1 17 15 1.00338 0.972469 0.00220558 0.777724 1.07913 0 0.168455 1.4566 0.00777001 0.0538215 0.981059 1286 3
 1 17 16 1.06811 0.972092 0.00296662 0.731133 1.05961 0 0.216944 1.41909 0.00711965 0.0519232 0.970703 1122 3
 1 17 17 1.13285 0.979748 0.00403639 0.71823 1.04348 0 0.226936 1.3578 0.0086892 0.0548337 1.0192 1033 3

 1 18 4 0.311294 1.05856 0.00216917 0.99788 2.07839 0 0.00212049 2.93018 0.219278 3.42085e-13 1.15681 1682 3
 1 18 5 0.380471 1.00618 0.00183064 0.985392 1.81105 0 0.0146082 2.75483 0.0141302 2.53508e-16 1.1242 1801 1
 1 18 6 0.449648 0.98934 0.000270545 0.971213 1.61825 0 0.028787 2.50348 0.2768 6.42485e-12 1.07662 1902 2
 1 18 7 0.518824 0.976422 0.00177473 0.955142 1.47618 0 0.0448583 2.37234 0.0141264 2.08907e-16 1.08574 1808 1
 1 18 8 0.588001 0.975826 0.00142115 0.948606 1.36964 0 0.0505297 2.03558 0.0725983 0.000864377 1.07021 2119 3
 1 18 9 0.657177 0.974661 0.00136141 0.927779 1.28852 0 0.0636926 1.92774 0.021614 0.00852824 1.10619 2126 3
 1 18 10 0.726354 0.974533 0.00131689 0.897503 1.22538 0 0.0944109 1.77479 0.029754 0.00808651 1.06757 1894 3
 1 18 11 0.79553 0.978415 0.00133179 0.88324 1.17583 0 0.0897312 1.7147 0.0109368 0.0270293 1.09295 1815 3
 1 18 12 0.864707 0.976692 0.00136978 0.86472 1.13642 0 0.106496 1.60258 0.00944488 0.0287835 1.05715 1683 3
 1 18 13 0.933883 0.973326 0.00174234 0.835875 1.10479 0 0.133207 1.5223 0.00960219 0.0309179 1.00741 1561 3
 1 18 14 1.00306 0.973801 0.00215776 0.786024 1.07924 0 0.169138 1.45523 0.00758121 0.0448379 0.964386 1369 3
 1 18 15 1.07224 0.974571 0.00264876 0.758089 1.05849 0 0.18732 1.40196 0.00675367 0.0545908 0.931687 1249 3
 1 18 16 1.14141 0.973537 0.0044461 0.681895 1.04156 0 0.270988 1.35389 0.00902796 0.0471174 1.01146 1121 3
 1 18 17 1.21059 0.974468 0.00560437 0.567935 1.02773 0 0.374818 1.30497 0.00749218 0.0572468 0.997574 1022 3

 1 19 4 0.334401 1.04396 0.00231902 1 1.9788 0 1.45046e-10 2.80208 1.99997e-05 4.79108e-19 1.20245 1519 1
 1 19 5 0.408712 0.999335 0.000262305 0.983763 1.72494 0 0.0162371 2.53651 0.324867 4.35281e-12 1.07166 1613 2
 1 19 6 0.483023 0.980968 0.00177499 0.967367 1.54445 0 0.0326329 2.35421 0.0141301 4.18641e-18 1.06806 1773 1
 1 19 7 0.557335 0.973029 7.03232e-05 0.955237 1.41322 0 0.0447631 2.19864 0.233154 6.44972e-12 1.08518 1817 2
 1 19 8 0.631646 0.973536 0.0014519 0.934511 1.31599 0 0.0567205 2.04847 0.0264022 0.00876857 1.08756 1961 3
 1 19 9 0.705957 0.978034 0.00122346 0.920362 1.24276 0 0.0696097 1.85756 0.0259488 0.010028 1.0781 2120 3
 1 19 10 0.780268 0.978781 0.00117995 0.90678 1.18579 0 0.0760063 1.74743 0.0141241 0.0172141 1.0508 1999 3
 1 19 11 0.85458 0.977589 0.00119885 0.897252 1.14165 0 0.0860501 1.60056 0.0148597 0.0166977 1.01066 1808 3
 1 19 12 0.928891 0.982189 0.00146652 0.844728 1.10685 0 0.118847 1.54841 0.00776051 0.0364244 1.04561 1688 3
 1 19 13 1.0032 0.976555 0.00195228 0.806562 1.07919 0 0.163317 1.47019 0.00979874 0.0301204 0.987366 1474 3
 1 19 14 1.07751 0.971026 0.0024216 0.700174 1.05707 0 0.254296 1.39967 0.00770888 0.0455306 0.89871 1363 3
 1 19 15 1.15182 0.980254 0.00422629 0.747063 1.0393 0 0.183276 1.34945 0.00679394 0.0696612 1.02817 1247 3
 1 19 16 1.22614 0.979514 0.00770431 0.699928 1.02498 0 0.242705 1.3118 0.00757559 0.0573669 1.02968 1104 3
 1 19 17 1.30045 0.981687 0.00962996 0.571662 1.01343 0 0.357609 1.24239 0.00825846 0.0707288 1.00582 1006 3


